2153
3832
1421
3314
2006
1891
329
4388
2347
1612
2099
3492
2530
3099
4932
1237
1060
1151
1870
3667
3238
3942
3235
2527
3750
1621
3823
1790
5130
799
2409
446
349
1560
860
2630
1635
3354
4019
3177
4340
356
843
4945
462
512
3052
3627
1371
5001
4749
49
1915
486
1315
3705
2746
4879
2895
4597
5048
2037
2551
4487
4111
3643
4478
1772
900
3252
141
286
182
2439
4309
3523
4393
4655
2613
2871
1312
3406
4686
3938
587
4464
5083
316
4934
2216
4239
1440
1229
4696
2114
4485
3986
3656
3909
3344
3043
4553
2016
3616
5017
508
1431
3182
207
802
2937
4461
1898
3620
2507
4002
664
1982
1420
1703
4773
501
3312
1192
4669
65
4364
3715
4568
2646
3405
520
370
3338
3447
555
209
4700
2072
1006
4743
4544
4989
463
623
4459
1605
4384
4780
1291
3580
408
4411
4935
5112
1518
3121
147
33
3836
4044
1480
1176
2726
2644
4549
3628
1170
2372
3551
4038
4036
2393
2953
1709
4712
1364
4500
1905
4424
4477
681
4308
439
988
3468
4516
1759
4247
2478
3563
57
1204
3261
1902
2556
2978
3245
3010
3105
4368
4152
1453
1463
2921
2739
4301
3815
3266
4135
1369
594
2721
3084
3638
4436
4419
2173
3632
2567
2781
3818
827
1468
3383
815
2085
1691
2357
4961
4047
2571
84
3040
1017
3318
1823
4137
834
4469
2471
1723
3831
2447
1628
1570
4285
4236
2092
1344
4652
4877
3469
3365
255
2113
4432
2562
3433
1808
1917
906
3594
4959
1303
2931
3820
4673
922
2174
5041
2282
3866
3754
896
4014
1123
3978
2213
5111
1279
4618
4971
294
770
254
942
538
467
5045
4674
3761
1720
1169
2277
2398
4781
4880
2250
3292
4911
4497
5039
4498
1083
4736
4869
1096
1623
2271
3316
87
3435
2039
1486
2303
3205
4472
854
4262
667
1445
3595
3450
3080
3675
4471
3443
4650
4075
4390
2666
3332
4857
174
3302
1972
2708
1536
1181
3473
5127
4997
2904
1242
3792
4180
54
2194
907
3480
812
3668
246
2081
674
2752
993
2158
94
3793
2537
1780
1417
4073
2175
513
2743
1125
4574
4251
4938
862
1974
4979
3710
2022
1470
2862
2552
230
4533
3348
1756
3260
2350
413
249
300
4888
3418
3049
1721
42
619
4535
2954
5073
557
239
471
5132
3451
3690
5120
1680
2116
2806
1969
2915
3874
2864
1298
3597
4442
820
1716
1128
3072
4325
2547
1363
2654
4192
4784
3127
3242
4853
2286
887
1172
2770
1048
1555
443
3106
2429
3063
221
73
4867
3196
1858
2071
2352
3216
2195
4726
4870
1641
2056
3755
4543
3120
3614
1515
3752
4109
859
4616
4444
1222
2100
4380
1654
1995
1741
3870
2469
3441
3341
1330
4828
3298
2490
3394
996
3918
1200
2818
5108
4798
1750
638
2756
1302
4003
4385
1909
510
4423
3077
2754
2466
4757
348
4453
1232
4446
3457
2304
2517
1144
2349
1618
2135
1299
4676
1366
5104
3163
1594
4145
1761
153
794
2442
1122
665
1164
1132
2141
495
1398
156
1419
2473
247
5090
3674
2607
3856
1522
4020
3481
4517
4593
4071
5037
4491
867
2013
2122
3011
5007
2826
2294
1140
1324
4542
957
63
879
2960
581
3071
837
3947
1786
126
3131
1259
1138
2197
4096
4915
841
3528
1394
3476
3424
1630
806
3843
1077
2452
1336
2515
1701
21
1993
1954
3272
1485
724
1904
2107
15
701
4805
2513
4852
3317
4648
161
3565
4007
4864
3738
1188
1754
899
4189
3983
3679
3303
4955
2222
1653
4562
3696
3003
3564
1230
4505
3138
961
3097
4231
3455
1839
4060
3287
4615
1022
902
1091
388
2288
3522
1310
4690
1530
2575
1935
4634
3325
4151
3757
4715
2848
2541
3379
1590
2371
4987
4800
3436
1610
28
101
1424
455
2980
2236
1415
2346
1399
3807
4907
2858
1881
842
4395
1967
267
2561
5006
1576
3485
4621
4923
2675
351
991
142
494
2924
1606
436
139
4375
1478
3726
3076
1824
2750
4294
3749
3619
3153
11
561
2392
3756
3036
283
3200
350
124
5081
3859
2679
2108
4376
953
3286
1061
2463
2631
792
4940
5102
4960
3227
2212
895
2704
3692
2779
1565
2259
4893
242
4683
3984
2324
4858
657
1970
168
4944
1253
3991
960
1722
1521
306
3916
909
4745
1815
3740
3988
791
1379
1428
4546
3119
3367
4706
2742
4863
4010
3085
1434
2563
1251
245
1266
4965
2367
877
1056
3361
3887
2266
5051
5016
804
3331
1216
738
529
3012
1423
118
1631
5032
3013
144
2238
2203
3264
3270
2685
4306
1191
1202
1830
1893
1665
763
4355
3141
4629
4028
829
3362
1963
4929
1994
4635
310
4224
2127
1295
2947
3658
3574
3000
1990
3486
3263
1339
637
3952
1571
1861
4664
3390
1466
3431
2079
2137
3937
1274
1888
3901
2035
2508
257
2928
2892
3237
1321
4098
4702
1672
1874
334
4480
589
1736
1547
1086
1055
1384
3366
3717
1208
3437
4034
2512
2705
3311
1231
4613
132
3253
295
708
2729
4275
1617
4844
69
980
1961
2055
952
3355
2693
3387
335
4993
2855
4842
5011
343
3987
3817
4952
40
595
3956
476
227
2701
4460
2251
3737
1840
2643
3520
2218
4703
3186
2867
1676
4097
761
4884
987
268
2004
3370
1845
61
18
2325
4933
4278
4128
4254
2887
943
748
2149
52
447
3496
2793
1968
3977
279
3905
4161
3944
3635
3599
981
775
3774
1243
1098
3927
240
2376
1613
1410
3542
2945
140
4998
1414
4269
2243
613
196
3190
489
2775
704
393
3562
92
133
1075
4235
4118
2415
2791
2258
4473
2662
4849
3051
203
1458
2344
1249
2455
3532
4227
4581
3598
4483
85
823
2696
1681
2506
915
1322
1949
4283
1049
4197
2687
654
3865
3957
4897
1979
3430
3514
4647
3704
2360
629
1730
3945
4024
3612
622
219
4866
3146
305
824
624
360
1833
4699
1240
1908
2518
281
29
1050
4584
4322
531
4094
3802
1644
4207
2737
3033
4663
2589
1074
3428
2817
634
4389
318
921
2338
836
2949
2747
4184
660
4001
1726
651
3463
119
1851
5056
3041
2632
2117
569
3234
2152
355
1177
2269
1624
1426
1867
5009
107
397
2700
4839
525
1552
4100
2318
5117
2018
4286
1735
1806
177
4397
123
672
892
1308
2435
415
1585
630
3028
4300
3882
1667
4991
3686
1273
2859
4191
3915
3458
2229
2486
2040
6
402
104
4238
2134
3729
2192
1037
2046
4033
2595
663
4179
1
4653
4675
2326
192
2
2868
5092
3116
4018
4983
4815
1939
553
4524
4587
60
3396
2059
2148
4999
1493
1157
3183
1087
1729
2095
3925
3192
449
856
971
4861
3169
4978
4134
1320
4778
1023
1326
2342
4776
4550
5074
4947
5003
1355
315
4087
1100
4120
2715
100
4986
647
386
244
1674
4716
1120
2366
2132
3219
1209
737
641
5066
453
2545
3132
1020
3855
2482
912
3980
4127
544
394
1991
3527
3369
2618
2208
798
1427
3517
1646
1447
503
2399
1337
2698
4433
45
3281
5028
3389
4494
2955
574
440
519
2951
3728
3015
5129
1348
1318
1053
785
2620
3969
5109
2198
2894
3171
3543
2187
5107
4729
3808
3766
3293
431
3712
3352
1711
27
693
808
2526
353
4418
4371
3340
427
2625
4040
2991
3064
1377
368
357
3187
1853
3671
1592
1645
4600
2833
4604
1944
1871
2683
1591
2706
4233
2522
4579
4479
2089
4307
3913
5004
751
4257
4403
2445
1787
4694
3851
2628
2145
4270
4885
2234
4272
1331
1679
3008
565
1506
2950
4319
4620
4931
1073
4399
3142
1710
3489
200
747
3413
5024
311
1370
2824
3589
2825
1357
1158
162
4822
4758
3960
3573
4021
1292
1110
320
3604
2964
1148
4125
1602
4029
4274
4883
2902
4438
2083
1058
2907
1556
4493
1554
3827
3958
2669
4329
3201
1781
4210
4761
4924
1484
3825
3113
1535
1325
2073
3309
3174
3526
128
2053
3224
683
215
3109
2809
2546
526
1918
3178
3701
3787
3277
2935
2656
419
4567
4711
235
2728
3582
2901
2605
1597
243
1737
3157
3233
2402
923
2460
4506
1876
1488
56
4827
202
1541
3086
1265
2281
819
2784
3556
166
48
429
1640
1186
4718
712
3912
1009
4240
1875
4217
2863
4835
3911
1971
148
3054
4159
2823
2709
3022
1147
487
2227
4119
2150
5125
3953
4963
1452
4046
1456
3271
514
4070
3255
2767
4656
1884
2641
3204
1849
2290
717
1435
1252
2828
4820
218
3403
2877
3819
3319
2042
4892
4919
2829
1599
522
1895
780
1402
3388
53
184
2581
730
1940
2180
3853
475
2183
106
3412
5099
3567
346
2994
990
3472
2694
2616
4156
2861
4571
5085
3337
3982
91
4799
4825
1088
1577
2341
1664
2264
1739
3059
1024
2391
1862
3189
2355
4688
183
1095
2239
618
1131
5121
1153
2857
210
1500
1987
4092
4366
2062
1401
535
632
3946
1472
1973
3419
2441
4513
3880
3903
904
1386
576
3950
1762
2749
4030
4783
744
167
1451
528
2591
3333
1136
171
1012
4401
288
3579
170
2969
4649
376
3545
2948
2757
1707
1293
384
3090
58
406
1548
3133
1314
5008
1076
2219
2979
2049
4899
3315
697
80
3288
3058
1791
9
401
371
4398
1748
1550
378
2504
3296
2028
4552
4463
3479
3745
3758
3217
4619
2242
1264
1564
5067
2967
4299
4814
1289
3544
4981
3617
1160
3657
3381
950
3839
504
2604
4705
872
3018
1408
2495
2814
4330
2773
2570
1690
3904
3100
248
4519
2873
762
1406
4779
3236
3432
5119
1921
1416
3203
1219
3060
1003
2852
435
2436
692
1952
886
4016
3790
4754
2240
1180
3009
4578
4767
1984
4126
4081
1476
496
4658
5103
2805
262
1185
77
165
1032
551
4116
4417
3094
445
994
3214
2033
2740
3814
1223
3466
2098
4222
4488
4334
3502
1922
2233
2283
3114
4764
3416
1051
870
488
1388
1207
339
2312
2289
4641
3689
818
308
2047
3939
2091
2926
1078
3322
2048
3102
2104
937
533
4529
2000
3872
3498
2451
448
4645
67
844
317
3742
1835
4523
3327
1526
4554
5035
1382
1670
189
734
2730
3798
1863
1931
3185
2118
3461
1350
1807
3652
655
3206
309
5031
958
3385
3057
3885
1647
3226
3998
1868
4916
861
4146
505
4714
4089
4059
362
2760
252
4612
3336
187
948
1659
4976
469
4511
2578
3411
2520
1152
4188
1575
3075
399
851
2635
4708
772
2617
2313
2774
1211
743
689
1499
2622
5000
3395
2417
2940
506
2714
4540
452
4583
2394
5030
3025
382
1692
1763
930
2580
4167
2336
3673
1454
2977
4032
628
4548
571
4279
2788
321
1107
3047
2499
3842
550
1496
2106
4199
1190
1092
3789
4470
3537
4193
3285
4315
4810
2074
2440
5114
1976
93
2874
2210
880
228
4259
2652
2008
75
4170
4415
4113
936
81
3345
4775
3329
1464
4725
4794
4213
151
2838
1525
5128
3402
3356
1411
2674
1351
194
1777
1880
199
3295
3884
2284
3548
4226
4009
919
2010
1634
3765
3554
414
3739
3243
2573
1267
3669
4258
543
4969
3974
1206
4948
2296
273
3091
2157
2301
3591
2648
2911
146
3042
1958
2790
5023
2378
4387
3471
4055
4898
5034
2623
4813
2799
3386
4429
901
5110
1852
3900
134
4623
2121
2237
1831
2998
4833
3835
205
1582
1166
1270
4855
2856
2136
4572
661
2886
2598
366
1657
4271
4580
4093
1540
3056
3707
3521
4110
4124
1584
3289
4762
2335
821
1598
1658
1063
2380
1182
3111
2820
2278
4138
1797
840
4012
3613
409
1113
2220
2801
656
3943
3592
3462
4957
2536
826
944
4752
2477
3629
4476
4447
4056
3530
1903
1948
1482
816
938
4610
4310
480
2405
377
34
3241
2211
4190
3550
986
493
1503
3583
3005
212
1174
226
208
1027
523
615
2246
4605
793
4812
1740
547
3744
2382
939
4988
178
3506
1651
3538
2870
137
2253
807
24
2660
3519
1389
4214
4788
154
380
292
1563
3650
4176
2903
4722
2815
2263
4723
4640
479
2379
358
347
3434
2375
4585
3068
2017
1686
2941
3231
1698
2496
2406
1306
3975
2900
2420
2061
1688
4908
3516
4324
5019
4611
924
1546
428
1539
456
3889
3291
2041
3044
4316
3251
1820
1372
3199
3368
3605
46
4791
731
869
3606
4341
3213
2600
3107
2459
1872
3895
1586
515
1854
1581
3501
1638
1538
1391
2629
2428
4804
1782
2247
788
1932
3883
2906
2383
4531
1529
4103
2021
1018
280
3180
1059
3215
485
186
3747
1260
4575
2521
3926
1767
2576
2299
3257
1828
4626
4982
2762
4563
1866
4243
2168
2432
2686
2462
4537
3800
2384
4689
633
5064
716
1277
3811
2374
1758
3585
1928
1832
2131
4920
3934
2550
4680
204
864
2358
4052
3569
2842
4312
3095
4370
1725
3297
765
2431
2333
1062
2228
5025
2697
116
1962
4043
719
643
711
3117
2078
2501
1444
4985
135
1666
2651
2927
1906
1896
3767
2592
3488
2996
2565
3031
1000
5042
3735
2328
949
4747
2970
179
3283
2771
1778
3510
4532
4765
1773
4515
2306
1559
914
3762
2920
686
2337
1130
2160
4836
4287
3306
4353
4264
2640
4499
539
2796
1241
1869
4139
4881
47
4405
3683
4830
326
1422
1766
2544
1236
2717
438
1719
1342
2667
4903
1601
1633
1596
3935
2914
3162
5021
472
2128
4846
369
2437
2464
3279
2735
3688
1983
2404
964
4465
4704
3829
3256
129
2725
1794
98
918
4245
4338
3377
3349
1873
3307
4121
3353
2883
2839
2712
4215
666
4153
2639
71
2678
1329
1159
5029
108
1508
4068
830
3310
2421
1946
3176
35
1507
1149
1509
1805
1574
5013
4643
4166
850
3360
3610
3357
3037
4129
1578
3490
4504
3783
2101
3038
238
742
4591
2816
3995
1609
1327
375
3491
3640
2221
2485
4566
1198
3393
2191
2215
4407
1607
1278
236
285
404
4420
4123
4860
4182
4408
36
4359
1907
1080
3930
2060
2036
97
1028
1689
4984
2912
2186
2034
340
2670
3023
2231
3801
858
1112
2786
3769
3474
1245
1066
2559
1268
612
4314
1108
1622
2890
4369
4589
55
4154
2596
507
466
1045
776
1145
735
2260
3101
260
2982
1802
3931
190
4076
2634
4122
1655
2467
1943
396
3351
2262
784
2322
3879
3265
3313
131
2403
325
3785
954
621
3168
211
1846
2944
2362
304
4967
983
3979
2179
559
1217
2509
3140
1225
2987
2772
4413
78
3173
3223
4660
4661
4183
725
138
4350
4845
1187
894
1626
17
4818
473
1827
4886
2345
4074
74
19
1882
3878
3167
3649
345
1396
1106
422
4496
5123
3399
483
2364
3921
4654
2453
1923
2370
4037
4261
974
3230
932
1771
482
1340
4281
891
5065
4975
3151
1848
1473
2190
2957
2209
687
3384
3760
2026
4644
3553
3504
1764
4502
4558
3981
4509
1842
4831
1220
4439
740
451
4302
2027
3602
2574
1549
1305
2853
1600
3089
197
3680
2249
4027
4083
4293
5033
625
2470
4273
3021
876
149
3529
671
1393
3706
2438
2661
3053
606
114
2475
1439
2766
4063
3936
4733
4501
4337
2889
4062
4013
2270
1955
3699
2167
4339
4695
4017
1930
2602
150
1724
130
4994
3477
5057
5054
3508
580
2172
1492
264
2664
573
2885
3857
4802
2351
1002
2001
3244
2188
2523
3425
4678
3862
982
2594
4895
1129
1224
420
4503
3026
1345
3847
635
2147
4041
4992
1019
4187
1014
2843
3273
2235
3324
898
3812
1705
3074
2279
803
1495
1155
1914
2601
4824
278
3941
2597
2178
4590
4848
3497
3687
2554
2381
4045
217
454
1271
251
5091
3135
3096
121
1280
707
920
136
3648
4738
588
2385
4900
1221
946
1687
2067
1682
1566
929
4632
3442
783
1082
715
1975
2758
2142
2327
3828
3559
2837
695
2319
928
13
206
2778
774
4304
2119
5040
578
4064
3549
1189
1811
4177
1475
4005
4561
4977
4402
2461
2474
3577
4677
1706
198
3448
4910
2129
2908
888
4512
2032
2316
3932
2418
2124
4603
2542
1783
3278
4930
2199
4949
1380
752
3464
410
3410
1512
120
4414
323
2807
668
1161
1467
702
640
152
4670
4806
4526
4763
2388
933
2798
1878
723
1173
1360
2744
1843
122
2763
44
2812
4331
2170
502
2292
1934
3454
1768
4175
214
3440
3144
1436
1603
4637
2232
4681
3782
4887
596
1803
383
3420
517
1134
956
2154
3207
4140
662
4809
959
1097
2411
3723
2401
4456
2611
1109
191
4772
2084
3713
437
2389
4599
3415
2066
4130
2427
2082
2893
4195
796
2261
3971
3770
3493
5027
3154
1927
1317
1304
4854
1551
4594
4428
749
1430
3773
3446
1966
4194
4876
4807
3876
3165
768
3639
759
426
4072
1489
336
2741
4427
1583
3184
418
4750
750
732
4486
4642
998
2011
3262
1067
1998
3725
3875
2450
2736
2396
1695
3850
4295
4282
3334
112
2534
307
4082
4343
1412
163
2733
2068
4520
3662
157
1933
261
1988
4230
4841
1356
2525
2064
365
3622
4564
1799
682
2615
849
1461
4284
327
970
4141
412
2164
1044
1254
2065
2395
3677
1413
3788
4196
1179
1504
2291
4406
3323
5080
3611
1760
233
3014
1001
4646
3570
3456
3584
4921
3276
3877
1834
1532
175
4077
4753
669
4495
4914
3487
2956
2703
2505
1798
363
3429
1951
4672
3972
963
2650
1580
3845
4627
225
1697
2681
4727
878
3849
1702
1150
2932
2397
2557
1258
1116
3170
3923
2558
868
2808
50
4709
3421
314
3700
1826
2139
4917
1937
3907
853
1234
2075
38
2658
2590
2323
1374
1281
1072
609
5079
2273
1030
1343
4425
4740
3398
4212
4902
4713
2502
403
4777
2487
3534
1913
1817
3993
1481
1137
4101
3919
2776
1483
379
259
2836
955
2443
968
4136
3989
890
2663
4450
1514
1070
2076
4671
1728
2057
2832
779
4342
3906
714
3661
4973
5131
4768
2414
229
746
373
917
2052
232
115
2094
2511
5082
1307
3924
3621
2891
989
1865
83
2314
855
5053
1328
2535
1135
1404
679
398
3618
1959
778
354
4410
3147
302
59
3320
1235
985
951
4525
1684
2888
3955
3134
2738
2481
3566
185
4409
2882
2968
4942
1197
444
4701
726
3375
4682
4112
3007
1446
4466
1516
2488
1300
3716
2159
1212
3973
3929
1901
644
4114
1611
3374
30
4205
614
1960
4717
2184
3867
1864
648
3449
764
2966
258
3539
4244
911
3130
2454
4819
739
5063
1718
1553
2111
873
4508
3759
2103
2007
4381
577
3644
3439
4882
1238
4692
4538
2252
2973
3633
541
863
1239
1573
1649
3804
2433
4787
4962
109
3079
1715
4049
1084
677
2045
3438
627
1079
3282
2645
3470
3164
272
1957
352
3372
290
2363
1007
1205
1218
4657
1938
857
2803
4223
3034
1809
760
771
2783
2163
1929
4636
3928
5078
2193
4847
675
4617
4668
3181
4741
3006
4441
4186
4023
1742
1432
3730
2582
3940
4606
3482
1860
110
756
2400
4796
51
2785
4150
4069
4534
2503
4974
4004
2860
3914
5077
2797
3694
3861
2169
3092
4157
4099
1227
591
5076
2606
2112
2609
499
5038
962
1770
478
4352
781
2794
5018
481
4455
4132
160
3596
1114
2831
4053
4065
1284
3249
3110
4687
5020
4490
4280
1016
3267
1462
4665
2002
3453
3020
457
3626
3593
342
1855
4079
3258
1094
1215
4181
1813
3997
1965
5101
4066
372
5044
3118
4305
1953
3343
1409
4840
3966
1589
2014
1038
941
2933
2058
1288
3546
5124
755
1471
2638
103
4559
3533
1276
1567
4901
1727
1897
301
4808
500
1081
590
564
1531
2519
3148
220
1361
2181
4816
1316
2003
2684
678
3524
4386
2759
3840
1614
3720
4697
1353
2267
3624
2133
1449
1615
3032
1141
2025
3414
1362
4918
2185
2854
2206
4323
2917
4155
3684
741
2309
721
188
3888
3342
995
2577
3893
113
979
3691
4426
2097
2971
20
2458
3642
1916
4872
3985
4801
3600
1717
1373
4131
3045
4731
4528
3376
3505
3810
4173
2334
3999
2009
4803
2884
1433
2731
1334
3641
1792
1977
2896
1407
2627
3733
1069
4746
1459
3339
442
1671
4785
2800
1210
3124
4734
1945
1752
4904
1346
1448
1818
4250
266
3280
2456
4518
4104
608
2699
4475
10
1025
2579
3503
3609
4267
3636
3772
1999
534
845
4821
4607
4229
3653
3722
3509
2963
3949
3816
237
4088
4966
374
4817
4318
5105
3809
5095
978
1543
3166
1747
626
786
4730
2695
2275
392
333
4630
223
3540
4510
1443
1105
3630
4449
298
2449
2329
1139
1133
1661
4951
4601
4011
3039
4237
2813
975
546
3685
3771
3407
1477
945
4377
795
3308
1620
1519
1911
592
3709
1796
3112
3004
536
2999
2244
1857
4148
5100
4793
216
3796
2849
3625
916
1043
4968
889
4171
1450
3833
545
810
5126
3670
4720
276
4489
709
4492
3484
2881
1755
2424
127
4451
2910
2030
1899
511
2958
2023
425
3066
3193
3305
570
3088
4107
3211
3753
908
4937
2984
2876
4206
1593
4769
2015
3631
3786
2102
3734
4347
2665
1947
516
4373
4871
1162
2777
4481
4770
1850
4015
639
4391
3001
3467
4467
4202
1201
4084
1537
1542
4225
2584
2549
1008
4850
2492
947
4360
3702
313
1776
2361
1650
1757
3780
3535
4349
973
2795
3078
3202
4928
1099
5087
1964
4008
4452
728
758
2412
2130
3198
411
3664
303
4521
2993
3797
965
4061
4789
4721
4115
2241
2156
658
3586
521
4462
4557
2539
2484
2614
1283
833
610
4162
3719
319
250
1275
3587
5084
4268
4106
3963
1465
1693
5122
789
1616
4667
5070
2990
3961
3155
4608
2479
699
2680
1844
2090
3220
3069
2205
2348
1738
2961
5106
3359
2716
282
600
1528
2543
1534
2723
3660
1924
3813
2019
3863
224
3275
2298
470
1877
4588
710
3160
736
1779
338
1784
3990
969
3608
542
604
2761
3161
5088
927
1013
3232
3248
2780
2115
271
865
367
676
2430
1034
68
2642
1685
2548
2869
636
2974
2088
3422
1375
698
3518
583
2624
4050
2248
1985
4565
1981
1175
926
566
1282
158
4422
2146
767
2835
935
1816
41
291
4602
2444
3259
2619
967
881
1296
4234
787
330
3024
1194
1561
696
2965
3330
4547
145
4737
4035
3098
5047
2202
3799
4026
3507
3417
3869
3822
4297
931
2959
275
1429
905
2331
2305
37
3646
3922
757
727
2410
713
2138
3727
4771
82
3654
601
2196
3363
2448
256
1387
3970
1104
4102
2827
4382
169
441
3030
4431
4379
3552
4829
3483
1847
3122
359
1262
2918
4208
1569
1900
3894
2692
934
3779
1163
2909
1533
1127
616
3751
424
1041
2457
2677
433
1745
2171
3959
3172
1579
4332
1712
2359
4421
4530
1789
2493
1085
3854
560
1246
4906
2109
3665
537
2732
2050
1505
3197
1941
2265
3899
2975
1517
1479
4260
193
2223
3721
4383
2942
1775
1769
4228
337
2255
5014
341
1498
5071
3137
4990
4739
4856
2500
117
2368
3708
801
5098
1527
4218
2633
3603
2012
2063
5036
4698
1753
3061
4149
3358
670
3500
4953
1885
3954
4144
4889
3426
5022
1814
4163
4939
4440
3736
4539
289
3951
4458
2189
2465
405
2566
1558
3284
976
2676
1804
1925
5026
72
3844
5075
3693
2497
2583
3268
4972
3695
2274
2446
2086
3637
3933
4728
4311
459
4684
4732
2637
800
1102
4766
3019
2510
2531
700
4203
729
2426
4596
852
3976
3423
1297
4922
3560
1040
4354
3179
575
2834
3590
3711
650
1950
2214
1696
4755
2054
1047
2532
4536
1124
461
1438
4048
1788
838
1093
3149
5096
1785
1378
1648
4143
3222
4204
2217
2841
782
2769
2140
690
1347
4085
2782
3741
2997
527
2946
1142
3016
3763
607
1457
4851
5010
2673
4782
4303
1319
3452
4954
3373
1193
1052
2151
4345
3806
1856
322
2724
4786
4891
1510
1502
1652
5050
999
769
984
4826
2897
1011
4592
814
2952
2226
498
2585
722
4336
222
2989
1143
3858
733
164
328
871
1743
1119
2734
1203
5097
599
2872
4628
4394
417
1683
4691
99
4320
5012
1656
2847
3225
885
1287
89
4392