7775
8987
6567
9944
6489
8744
6327
7610
10147
8576
10049
9502
10175
10791
6650
7464
9311
7442
6094
7741
7618
7772
6289
11019
11008
6742
10947
11066
10633
8314
7879
6338
11104
6365
10324
7157
7635
7823
10348
6985
11013
10621
8090
8685
9806
10663
9598
9043
10278
6509
7783
7693
6166
10492
6882
6411
6917
9712
6782
10724
10429
9393
9268
7116
7771
9884
8319
9283
10651
10610
10303
8285
7414
9053
6416
10148
9953
8281
6470
8169
7536
10102
9346
10092
10494
7978
10057
8750
10537
6009
9300
9195
6921
8481
7312
7456
8264
8244
7569
8544
11021
9288
8573
7477
10371
7640
8948
8282
10505
10441
10051
8936
8457
11018
10196
9210
9028
10830
9461
6406
10793
7322
9013
6673
9873
10956
10953
9698
9058
6751
6585
8876
6298
7947
7250
10363
10959
7010
6608
9406
7483
9558
10984
10714
6691
7929
6617
9420
8194
8986
8664
6286
7813
8179
9140
9269
11064
8251
7777
8385
10274
7551
8364
11020
8311
10229
8400
8118
9978
10448
6968
9986
7575
10443
10111
9009
8568
10082
10686
6856
10081
8689
7011
10767
10405
6693
10732
7789
7733
7213
7559
9768
6505
8289
8191
9127
6070
10365
8745
6515
9725
8084
9049
8537
9326
8961
9260
9686
7683
10813
6066
9419
9265
10721
9630
8216
7388
9204
7928
10749
6582
9134
8980
6437
10316
8042
9585
9505
6344
7466
8683
6609
6321
9093
7988
8036
10307
8837
10616
9864
9148
7952
10562
9576
9903
8649
6322
7894
9676
6663
7936
9187
9846
10987
6024
7848
6994
8205
9769
10658
8943
10091
7352
8131
10339
8882
8763
7941
10820
6039
8382
6329
7620
10047
6811
9911
6123
9180
9327
8072
8512
6805
9675
10493
7893
7481
10098
8283
10380
6467
10390
7650
10608
9741
10509
10150
10124
10474
8559
6402
7448
6862
6595
7925
9033
8105
10781
7892
6511
9951
6311
8952
9922
8168
6709
6639
9707
8081
7134
7400
7192
9535
7297
6252
6762
8824
6065
8175
11112
8398
8714
10206
7407
7411
6086
10765
10828
8565
7048
9086
8375
8357
7555
7233
11108
10760
6645
8709
7826
11155
7118
6640
6398
9719
6831
6033
10436
9428
9333
10940
7479
8032
7811
7990
7183
9285
8345
7728
8322
6122
7286
10747
10925
8261
10247
10269
6700
6918
6936
8640
7901
10786
8829
6215
8915
8347
7781
8543
7957
7397
9979
6419
6847
6147
8844
7368
6951
10156
10883
6103
9151
8905
8051
9703
6043
10972
7548
6049
8165
6676
8978
9337
11156
11060
8237
9758
8608
9303
9885
9012
7616
9697
9462
7142
7534
9683
8906
8819
9640
10025
7785
9257
7452
6697
10261
9144
6475
10210
10825
7161
9378
11153
9123
10183
8858
9118
10647
10280
7165
10485
11113
6927
9584
8422
6552
6179
9662
7560
6460
9742
9947
9261
8548
7964
6670
10912
8008
6063
10359
8541
8933
7100
7832
8926
7716
8761
9027
8106
9255
7577
10712
8390
9508
7630
6898
6131
10072
9687
6201
7086
6317
8877
7997
8260
11094
9082
8124
7066
9383
9961
7380
7769
6309
9194
8859
8817
9307
9655
8245
9522
7976
6129
7995
10101
6745
7355
10050
7170
7059
10968
6236
8380
10597
7197
9440
7914
8852
10936
7641
9952
7493
9030
7910
8901
9762
8583
8092
8287
8759
8765
8764
10524
10013
7606
6152
6879
7806
8785
9249
7431
6859
7989
9304
8473
10037
7644
6405
8694
6443
6602
7229
10330
9000
8463
6010
6853
9989
8406
10832
6232
10475
9929
6167
6802
10044
8037
6731
7404
10029
6970
10372
10219
9969
10076
10344
6935
8995
9685
10141
7207
10685
6799
8329
8109
7834
10074
9092
7396
8589
9688
7913
6459
10152
9547
8054
10689
7205
7810
7129
7025
6454
6734
6325
8913
9064
8480
9243
9181
10583
6842
7774
8452
7764
7860
8190
11017
7675
8360
8623
6705
8504
10568
10043
10581
11057
7847
6108
6916
6733
10007
6984
7944
11007
6839
6107
9084
9340
10285
11002
7982
9278
7419
8150
10527
8326
10733
10896
9765
9271
7315
7412
6227
9189
7327
7809
10411
7202
10600
9482
10194
10349
7409
9126
7632
9652
6506
9596
7512
6878
8549
7750
10666
11045
7897
8059
10135
6280
8908
10288
10197
6019
8862
9104
8386
8812
7135
7729
6267
7881
6626
9854
8556
9516
7156
6248
7318
10691
7587
10779
8454
10575
7346
7513
9619
6185
7850
6698
7617
10362
7501
9308
6510
6414
10120
11005
8269
8914
9318
7768
9489
7390
7723
10778
9623
9799
6453
9974
8861
6012
10970
8495
7706
8774
6271
10783
9996
9994
8969
7956
6144
9374
8784
9819
10680
6486
10407
7306
7359
10431
9241
7474
7093
6208
9073
6536
9090
9161
10612
7778
7782
9456
8736
8780
7115
9237
9935
6911
9644
10202
8563
6069
7076
6667
9557
8554
7694
8018
9062
9320
7425
7200
9175
9235
9465
9678
9147
8717
11056
9890
9061
8720
7399
10242
7758
8265
7857
9564
8624
9391
9684
9847
8500
10935
9081
9891
7023
9916
9656
8455
8427
8642
9956
6056
6521
6635
8789
7709
7754
7342
8318
11009
6423
9751
8333
7110
9807
7908
6678
7607
8353
10994
7266
8309
7296
8678
7216
6266
8041
7509
9088
7098
9861
8514
9735
7871
9933
9693
10639
6723
9159
6184
6196
6993
7993
7259
8705
11085
6942
9627
10343
6785
10379
8602
9692
9844
11144
6348
9513
8902
11106
6014
7195
10391
9380
8818
7091
9372
8885
8677
8240
10771
7056
9295
7333
6283
8046
7166
10040
7348
11016
8531
6778
9610
9641
10125
10016
6233
7708
6428
9843
10769
7294
10969
9661
9682
9239
10496
7669
10151
6018
8103
6939
6841
10170
11090
10599
9330
10204
8860
10555
8276
10963
10873
11103
6323
6512
7270
10107
10704
9350
9023
8566
6285
10798
6140
6752
8437
8932
8160
6791
8009
7919
10425
6477
8938
7612
8366
9577
9545
8561
10944
9258
9575
6334
8088
9898
10185
10548
6796
8734
8604
7539
7473
8328
7805
7937
6717
7223
7568
9827
10358
6555
8418
7072
11001
6926
6352
6057
7916
10943
9275
6632
8497
8377
9792
9329
6813
6361
7923
6320
9968
8343
9771
7106
10268
7154
8647
9746
6295
8867
6194
10800
8520
9361
7068
9226
6631
8570
10297
8660
8486
8668
9671
9213
6910
10718
7265
7381
9830
10739
6591
11041
7082
6480
10036
6336
7122
10046
6644
10619
10900
8114
8489
10352
6097
10927
8611
9453
9887
10208
9569
6452
6630
10038
7745
6948
8086
9270
9778
9667
11035
6838
7257
7018
8701
8633
6213
6255
9466
8650
8702
9228
8501
10287
10670
7659
6228
10267
6707
7393
9939
6092
9666
6356
8910
9907
8414
8465
6168
8432
10887
10155
11128
8263
9377
6156
8126
10478
8073
8091
9663
10904
6614
7217
10203
7869
8362
9068
6479
7602
10341
9434
9981
9805
6305
7060
9731
10782
10254
10665
11086
10833
6053
6493
8424
9170
6214
6331
10763
6845
6304
6979
10862
6605
6834
7291
11137
8369
10004
8026
10000
7303
6142
8654
6938
7838
9647
10916
6253
10741
7553
10164
9542
9510
7424
9178
9988
10423
9756
6124
9054
6374
11062
8256
11048
8188
6975
10638
10314
6735
6854
8809
9622
6436
10157
6079
7724
8617
10251
10571
6197
8569
9870
7003
9408
8209
8842
10624
7420
7310
6694
8462
8419
9100
6624
6997
9868
10256
8458
7773
6529
9460
8791
8696
6007
8315
8893
8451
6192
10284
8262
10075
8920
10937
8365
7215
8394
9995
10118
8145
7953
8220
8648
7350
7911
9801
10064
7186
10881
9348
6025
7875
10707
6164
9633
9582
9620
6241
8487
10289
6155
10556
6955
7451
8825
8405
9828
9422
9803
6343
10804
6125
9069
8477
8268
8965
6084
8781
10967
11127
7550
7876
10234
8733
6135
8864
9750
9066
10387
8166
9694
10865
9141
7737
7586
7490
6141
9301
10543
9205
10438
6081
8895
10961
8085
8137
6523
10589
9893
9928
6186
7038
7663
7605
9592
6969
9427
10019
10913
9197
11105
7574
9777
9192
10168
7804
7436
7719
9744
9486
11147
7017
9415
8998
8846
9905
7254
10803
8077
10931
10328
10871
6713
8849
10430
6820
8888
6965
10939
9452
9087
7144
7542
6795
10636
9521
9740
9772
10460
9276
6130
6412
10370
9708
7189
8413
9512
6400
11110
7519
7071
10982
6837
7886
10512
9487
8848
8200
6496
9059
7243
10535
6148
6775
6432
11123
8371
8619
10281
10648
10574
9230
9423
10471
7462
9628
6021
6961
8676
9734
10859
9559
10023
9227
7837
8335
10570
6222
8865
6832
9451
6078
6756
8609
10909
8352
10534
6385
9342
6945
9499
7655
10664
6589
6238
6550
11073
9959
7313
8681
8196
6090
6315
10929
8684
10260
9096
6182
7316
9216
8567
9426
7133
6314
7969
6189
7703
7739
10672
6115
9458
10986
10910
7249
10917
7164
7915
8056
10677
8581
7062
7732
11037
6659
8911
6466
9165
9389
7336
6188
7457
6909
8063
7884
9215
6618
7642
7561
6047
6346
6688
6598
8770
7828
8797
7117
10456
6771
9642
7013
9892
9561
10911
6157
8017
9925
8972
11076
7196
8662
10169
10134
7744
10899
8968
6278
6110
10922
7835
8499
6287
7323
9225
11115
7311
8507
10200
9700
9379
8015
6930
8291
6085
8762
6174
10228
6301
7668
6337
9475
9128
10541
6448
10028
10592
7275
7053
6438
9232
6679
10903
8631
7571
7345
7738
11000
8025
9481
10563
10973
10919
8832
6516
6804
9263
10104
7373
7126
9829
6919
11071
6028
8612
6960
7646
9896
9985
7330
6851
10298
10018
10022
7839
10516
7582
7851
10957
6562
9098
8610
7300
9155
8540
10815
9289
7793
6883
8459
8814
9312
10655
8918
9809
8198
10360
10995
10998
10432
10587
8049
7992
9183
8783
9902
9083
9754
7654
10529
8184
10006
10193
8425
8838
7510
8476
6491
9212
7360
6017
9248
9702
9900
10831
6950
6264
10030
10180
9446
7394
7557
10637
7751
6519
9857
8453
7450
6767
9673
7305
7302
8897
10355
6852
6380
8096
6332
10342
9025
8120
10631
8431
10751
9432
8215
9251
6441
6341
9711
8192
9250
6621
6807
9245
6393
11138
7516
10702
6779
10008
9785
10463
7092
6387
8230
7931
6899
6681
6925
7526
9244
7232
9397
6312
9450
11031
9732
8140
8272
9305
8303
11141
7136
8941
8536
6397
8218
7083
8853
8982
10015
7019
6974
7652
7367
11074
8919
9699
8985
10414
6517
6823
10759
10320
9716
7078
10035
6114
6720
7979
7140
7343
7445
6692
6401
10377
10392
8038
6050
6530
8767
10491
6468
6664
8794
10730
6826
6572
10295
10021
10564
8002
10309
9946
6695
10311
8722
10166
9789
9449
10606
6906
8233
7660
10227
8506
6522
7621
8534
7054
7208
8374
6058
8519
10924
7480
9537
6747
8174
9221
6708
6706
7351
6399
9681
8242
9168
9442
10329
9266
6880
7385
7825
6884
9718
7114
6710
6981
8428
9174
6418
10020
10108
6637
8927
11102
6172
6465
10499
6973
10874
9653
7176
6893
6366
11010
10643
9845
6722
8992
8942
6749
6933
8430
9554
8482
6064
10334
6772
9696
7889
10522
11148
9679
7521
10863
10465
10934
9107
8409
7160
8768
6922
7146
8815
10809
6812
6607
11098
8870
6730
9556
9760
9112
10950
7506
9156
6714
7975
7449
10085
10908
6575
8719
8632
6191
10806
8055
8076
6593
9811
6291
10506
8680
9752
10445
10511
7492
6455
6476
6560
9202
10661
8044
8900
9129
9589
7674
10243
9595
9494
11023
6354
9167
6435
9179
6351
6634
7572
7573
10784
8257
8955
6358
7833
9524
9198
7817
11042
8067
10976
6429
6864
6780
6534
7800
9400
8407
6741
10099
6797
9849
8547
9500
7743
6998
9540
8306
7113
8070
7905
7443
10794
8392
9498
9457
6044
6294
10829
9649
8129
8979
7994
6570
8857
11014
10839
6869
11067
9853
9139
9999
9550
9909
6193
6503
8656
9670
10746
6784
8426
7460
10094
9784
8585
7846
8147
6874
8646
6541
6721
7434
10394
10351
8721
10593
6535
8607
10836
7240
6696
8293
9574
11096
7609
9917
7107
6553
7281
10182
6015
6370
9958
7453
8503
9617
10728
7955
9352
6035
7921
10335
6259
10561
6658
7820
9019
11040
7720
7872
8113
6824
8997
8994
6120
10381
6045
8450
10230
9795
9287
7527
7287
6876
7006
8707
6177
10914
8320
9024
10725
10864
7627
9904
10139
6794
11107
6495
7690
7095
7486
8742
10388
9648
8344
7432
7037
8001
7932
7220
9520
11079
9051
6642
6539
9404
8747
11053
10698
7148
6371
8094
6089
8671
10980
6375
9343
10933
9273
8840
8628
10198
6265
10100
9926
7682
7692
7105
8898
7015
6739
6558
9236
9835
7927
6212
7132
7755
9599
8944
6490
8526
7475
7470
7593
6038
6728
9149
10090
7383
8539
10915
8672
7382
7301
6996
10130
11024
8993
10627
8182
8746
9613
6737
10640
7119
7535
6082
9267
11089
8921
7489
10495
8855
8931
7032
9883
7087
9759
7124
7598
6221
10692
10902
7653
8973
7679
8639
7225
7016
7890
6270
10856
9229
6027
10073
9005
10500
9070
6647
8139
9282
9997
8626
10591
8875
9689
10122
10748
9291
10884
8956
7179
7459
6274
8533
8599
10607
6083
9841
9975
9797
6257
9471
6183
6682
7986
6759
9546
7273
10801
9079
10079
6272
9738
7228
6433
9034
6180
8270
6026
10070
11078
6827
6074
9897
8887
6954
9398
9590
10426
8068
6204
8098
7972
6302
10576
6030
8460
7150
7094
7042
6920
10866
6649
9298
6627
9412
7819
10716
10731
11039
8078
10042
9338
8516
9930
8280
6098
7752
8940
8984
8795
9476
7898
7467
10115
6101
10854
6761
9472
10264
6145
9529
9774
7127
10145
9794
7262
8423
10422
6059
9874
10744
10017
10420
6904
11033
10114
9869
10880
10483
10644
6067
6206
8236
11118
7591
9825
10220
6867
7802
10726
10796
9782
9078
9020
7326
10461
7713
8804
7395
7567
8659
7601
6798
7520
10545
8975
9443
6173
7546
10810
8211
9220
10005
8478
8471
8806
9154
6868
6653
8350
6953
9593
7484
6980
6277
9993
8729
8629
10187
10603
10669
6318
8630
10921
9921
11145
9310
7726
9369
6217
8949
7158
9509
7891
6219
6744
6685
7977
10580
8155
10149
10174
9931
9826
8292
6150
8498
10179
7214
10014
10660
9106
7722
10888
9042
9367
6498
9256
10252
10171
6199
11046
7145
10396
7765
6499
9895
9231
6284
7401
8141
9001
8754
9860
7748
10560
7549
8332
10190
7841
6355
8045
7372
8284
9713
6112
7398
9274
10293
10086
11084
8801
10990
10595
9776
10996
9980
10818
9822
6629
6149
9011
7235
6937
8288
7623
9315
7277
9804
9523
7321
8821
6463
6275
7046
11122
10703
6875
7533
9507
10923
9802
9055
6657
7014
10305
8643
7415
9041
10667
7009
10162
6313
9632
6581
8854
10121
9403
9390
8470
7292
9077
6625
10195
6229
10949
10542
10601
8724
7624
11100
8977
6660
7210
10366
8690
6533
6008
7429
10273
10928
8275
9040
6855
10248
9615
7734
6725
7341
8393
6923
8593
11049
6716
9889
9392
6382
8769
10604
8235
7949
9674
7530
8003
8613
8219
8142
10418
6825
9046
9242
9045
10510
10684
10901
9026
7141
10177
7159
7408
10687
7274
8250
8693
7588
6181
10918
10789
8381
7138
6727
9780
6434
11093
7759
6750
9594
6360
8712
10480
8802
10308
10209
9856
8167
7283
6237
9541
6671
10048
8666
6776
7912
10722
7162
10294
10455
8099
7498
9871
8674
10302
9184
10868
8050
7661
10602
8214
10544
10634
6999
8603
10235
8433
6290
10240
9182
6158
10882
10031
9491
7304
7576
8558
10681
9163
7648
8485
10855
8542
8758
7590
6895
9948
7284
8904
6665
9279
9133
10282
7332
9207
10128
8421
6905
9031
9113
6959
9091
10879
9474
10052
7974
7187
8839
9402
7004
8598
7198
6753
10039
10709
7317
11029
11052
8203
10566
8704
10189
6392
6461
8810
7103
10472
10395
9852
8538
8521
6846
7529
8510
7636
8833
6249
9706
7191
10635
8040
10617
10579
8273
6245
8515
8325
9701
6449
9818
10974
8958
8586
6816
7948
10403
8066
7497
7711
10231
8472
6941
9429
6404
8492
7973
8395
9886
8527
11121
11142
9566
6116
6163
10144
9842
10376
10479
9963
6372
7945
8093
9105
10958
10823
6001
10433
6622
10795
6628
6890
10353
6719
6537
7123
8082
11129
9936
8363
9322
11038
10211
8493
9729
8606
8796
6299
9233
8429
6787
8479
9600
7446
8907
8301
8988
10837
11152
10265
6046
6160
10889
8614
10893
7878
10572
7856
8557
8663
10737
11133
7647
9690
6154
8866
9717
8294
8524
8446
8502
10521
6171
11004
9658
9533
10805
7020
10642
8491
8372
10222
6339
6310
7667
6483
8726
8117
10451
10221
8223
7188
7182
7085
10400
8435
6833
7760
8064
6829
10218
7465
10276
6857
9837
6297
7836
7454
10462
8415
8379
10212
7077
10096
10743
9044
7325
8686
7565
8083
9334
9373
8757
6764
8490
7102
9121
6029
6306
6724
6547
7364
11030
8210
10378
9483
8104
6132
6040
9665
8339
8597
6060
8254
6757
6500
8790
9477
11069
10811
9366
9166
7920
10659
6261
6690
10327
10058
7488
10847
7329
8651
7299
9339
6273
7967
10468
6564
10711
9664
9203
7392
9316
9424
8572
8443
8925
6005
10816
6481
7870
7130
10385
6908
7050
11072
10368
10346
8135
9006
6447
6134
8389
7991
9368
10097
6508
8655
9562
9761
8153
7278
10799
6153
10520
9157
8004
7700
7101
6545
10489
7672
8043
6203
10103
9381
8579
8793
7147
8753
7339
9579
8355
8397
7499
10646
7786
6850
9353
9277
11117
6718
7248
7926
7579
6765
9435
10061
9052
10138
6020
8939
6746
10992
6190
10127
7628
8074
7695
10978
6364
10895
10720
9234
8410
7715
10484
10129
11131
10409
7736
10375
8445
8217
11151
10772
10952
9060
8189
7645
6230
9606
7987
8688
10318
9695
7065
6870
9859
7386
9858
10951
9240
10885
9439
10345
9787
8317
9659
6544
8748
10442
9919
10207
7180
8845
6328
8295
6000
6978
6234
6251
8706
7818
6525
9252
6763
6768
8738
10350
7696
6504
8229
10965
8249
7939
7712
9469
9583
8562
8868
7258
10490
7852
9793
10161
7583
9102
10738
9814
7639
9971
6424
10843
9172
7061
8731
6137
10676
6162
6482
9908
9812
9748
7721
10226
9602
8199
7853
9214
6818
10299
6808
7378
10690
10117
9998
11080
8208
10060
8340
10768
8807
7201
6801
9448
8307
7353
6369
7864
8468
10755
8813
6760
8727
7356
7629
9186
6573
6860
7670
9438
8528
6121
11157
10845
10332
10546
6702
7458
11051
7271
10236
11058
8342
10192
6128
6543
6840
10736
7984
10199
10246
9836
6781
8847
8716
7236
7099
8874
9018
10713
10842
9484
6766
8869
9246
7971
10971
8775
8373
6031
8903
9767
9990
7792
7961
8013
10554
9188
9612
7776
9511
9957
8700
11146
8300
9912
10752
6473
7007
10398
6159
10458
6586
7865
7797
7718
7656
10742
9747
9209
6568
6748
7247
6556
7320
9616
8127
8937
8101
7951
9177
7171
10071
10270
9286
7074
10497
6972
6563
11036
9757
9764
8999
9677
9160
8878
10777
8370
6420
7906
7784
10932
6037
9531
6514
7139
9570
6242
9866
7917
7816
8062
6224
9940
6952
9654
10459
10131
10482
8130
7290
6958
6117
10630
8177
10872
10224
8097
7433
7272
10955
6620
11139
7859
7190
7172
7595
6606
6900
9877
10867
11092
10356
8305
10444
8743
6844
8336
7064
10477
7787
8019
9601
6288
7564
10693
8087
6912
7268
7840
9634
8031
6641
9037
8909
10188
10808
10807
9736
9022
8228
8661
6549
10999
8766
10905
9050
7402
8449
8830
8954
8692
10304
9354
7347
8981
7279
10317
10172
10369
7293
10983
6347
10942
7904
10870
8587
6913
10536
8682
7980
7307
6281
8356
8253
7958
6041
9629
6809
7643
9816
8403
10084
10158
9137
10054
7796
9901
10032
7377
7946
9669
6363
7688
9259
10960
9851
9110
6507
7057
9745
10446
6669
6260
9238
11032
8010
6754
8930
7801
6668
7523
7242
7900
9850
7522
10112
7930
8816
9313
8715
8644
7267
7725
10683
9254
6106
9414
11134
6478
6165
9376
8474
9208
8749
9395
9899
8834
8005
7673
6100
7033
7600
9954
10191
9515
10852
9881
9960
7545
8277
7168
9445
8843
8771
10858
6494
10848
6729
9571
10697
9388
9518
8635
7563
9480
8221
7762
8469
10503
9560
7194
7844
10656
8889
10757
10424
8881
7854
10622
6413
10876
8298
6276
7581
7035
6464
7622
6091
9942
6991
9496
8456
7999
6901
9937
7149
8401
8863
6571
6011
6982
8708
9152
6915
11143
9143
10519
10517
6391
11083
10954
7496
9478
10553
6655
11124
10605
10869
8334
7735
6830
8778
6971
9409
6886
7710
8034
10598
6652
8917
7309
7097
6527
10325
8710
10361
9063
7714
7374
9878
7234
7882
10701
7705
10861
8065
6565
9525
6546
8441
8963
6674
6520
8171
9783
7747
11026
8439
7363
10165
7896
9280
10632
9359
7282
10186
10026
8550
7081
10457
6034
7807
7812
6800
9015
7907
8053
10649
7689
10890
10941
10578
8751
8278
6054
8600
10250
7108
6790
10533
10454
10623
8713
8505
8146
10708
11120
10225
8545
7678
6656
10331
8732
11068
9872
6307
7562
6542
7366
9840
10347
10761
9813
8699
9970
7469
9945
9591
6703
9934
6068
6146
11136
9626
9218
8622
11082
9651
8667
9331
6892
9328
9284
7880
9755
7430
6604
8578
8772
6367
9976
8027
10790
10399
6843
7069
10159
10549
7239
6532
6335
6940
10257
6684
10773
6819
6484
8621
7885
6093
8411
9193
8014
6384
6755
6200
9631
8383
9775
8247
7537
9296
9834
8121
9010
8723
7950
6102
7212
6848
7943
8912
6377
8670
8741
10440
6788
6976
9730
8584
6300
7417
7538
9200
10010
10027
6136
7821
10515
6615
7241
9185
9536
10715
10233
10844
7026
10292
10469
6885
7227
8934
9016
9095
11111
7079
6469
6250
7702
8803
6187
10618
8436
7131
7699
10275
6062
6989
10078
7344
9604
9597
8006
7637
9815
8461
10898
8021
8028
8241
10109
8756
10894
9672
6472
10340
7515
10333
11070
6596
6528
7224
9966
7184
10223
10105
7137
6774
6931
10526
8620
8267
9914
10034
10671
6574
9114
8052
9047
10184
7494
8321
9021
7753
10514
10827
7444
8243
8657
9514
6944
9924
10245
10588
7472
9176
9004
8894
8136
10977
6738
6394
11050
8517
7604
8792
7427
9293
6109
8590
8152
9094
7625
10312
6648
8851
8787
8112
9950
6072
10920
8337
7749
7634
7626
7280
6308
10216
10695
10502
9223
8061
7770
10851
6415
7507
9341
8022
9879
7578
8186
7263
8204
7544
10700
7253
9882
10657
7334
8951
7041
6907
8279
9122
8574
11075
10290
7384
9770
10364
8308
6319
8151
7795
10001
8523
8916
9949
6821
7680
7406
6126
9639
11011
9493
10033
8484
6616
7671
9101
9773
9739
6095
10504
9217
7547
6828
8448
8929
7104
8100
9880
8079
6390
8967
9345
9824
10567
6268
7237
6872
9680
7704
6357
9833
8391
9691
7276
11059
6444
7611
10770
6096
9984
8525
8511
6646
10205
10467
10547
11065
8173
8760
10241
9650
8831
6220
7485
10393
8551
9115
11003
6113
10966
6680
8615
6439
6383
7337
6003
6231
6216
6704
7798
9865
10594
9862
8555
8950
9938
7219
9763
6789
7676
6873
8872
7687
10985
6210
8202
9072
6889
8991
7933
7570
7435
9913
8368
9983
7487
8828
8207
7221
6071
9297
6425
11061
6430
9800
9831
10938
8030
10822
9357
9162
8234
8564
9344
9796
9635
9992
10262
8899
9552
6638
6032
9977
9668
10181
7666
9309
8652
9497
8197
6042
10437
10427
7151
6243
8532
10710
10382
6048
6345
6758
10539
10412
10473
10590
6592
10614
11119
8346
7319
7000
7633
8387
10011
8529
10788
6712
6446
9786
9517
10354
10551
8212
6623
6342
7028
10283
8331
8989
6169
7252
8695
7022
9528
6949
7566
8161
7868
6666
7658
8225
10055
6613
7476
6138
8880
8698
9135
7543
6104
10626
6584
8835
10775
6080
8359
8442
6269
8638
7968
8788
8144
7942
7500
10160
7238
10449
6373
8634
6736
10528
6431
10679
8388
9714
7031
7338
6022
8591
8122
6282
8673
9549
6488
10374
8777
10373
8185
9737
9488
11034
7963
7528
8304
8725
7518
10857
6381
6897
10300
7178
10012
9437
10530
7959
9586
6207
8399
10277
9839
8213
7391
6548
10059
8108
6943
8827
8703
10860
8133
10745
10259
10662
10089
9294
9145
7173
7052
7657
7152
9405
8467
10981
7799
9173
6814
10154
9382
8841
6597
10892
8255
11054
7471
9538
10814
7418
7922
10821
10613
8266
9371
9987
8296
8552
8669
6088
6578
6077
9164
6526
7203
9447
7684
6651
9567
7403
8786
7556
6929
9932
9624
8297
10466
9363
9973
6817
7717
8752
9766
10415
9749
9519
6330
8286
10764
7594
7540
6643
8033
8483
10611
7918
6175
10452
10323
9607
9136
10727
9753
8312
7365
9955
9201
7730
9314
7331
6421
6983
7585
7461
7505
9386
7045
9138
8592
7021
8962
8416
10153
8183
8896
7012
6732
7909
9820
7883
9972
8594
9356
8071
10531
7554
7375
8119
6407
10066
7218
9444
6956
10214
8231
8799
8509
9643
8983
9324
10146
9153
10507
8508
9982
6726
7686
9375
7209
10428
7185
11130
10367
7437
6594
8976
11135
6963
11149
6396
9433
6458
8618
9918
9544
10620
6395
7231
9262
7063
9888
10255
7058
6258
6888
7289
6835
8128
8123
8966
9065
10705
7649
7887
10802
10126
10508
10077
10453
7996
7163
6793
9506
9321
6992
10559
7651
6052
7664
9441
10735
8444
6902
10337
9553
9492
9625
6225
7478
9407
8447
7808
7047
6211
6531
6178